900 1023
899 1023
898 1023
897 1023
896 1023
895 1023
894 1023
893 1023
892 1023
891 1023
890 1023
889 1023
888 1023
887 1023
886 1023
885 1023
884 1023
883 1023
882 1023
881 1023
880 1023
879 1023
878 1023
877 1023
876 1023
875 1023
874 1023
873 1023
872 1023
871 1023
870 1023
869 1023
868 1023
867 1023
866 1023
865 1023
864 1023
863 1023
862 1023
861 1023
860 1023
859 1023
858 1023
857 1023
856 1023
855 1023
854 1023
853 1023
852 1023
851 1023
850 1023
849 1023
848 1023
847 1023
846 1023
845 1023
844 1023
843 1023
842 1023
841 1023
840 1023
839 1023
838 1023
837 1023
836 1023
835 1023
834 1023
833 1023
832 1023
831 1023
830 1023
829 1023
828 1023
827 1023
826 1023
825 1023
824 1023
823 1023
822 1023
821 1023
820 1023
819 1023
818 1023
817 1023
816 1023
815 1023
814 1023
813 1023
812 1023
811 1023
810 1023
809 1023
808 1023
807 1023
806 1023
805 1023
804 1023
803 1023
802 1023
801 1023
800 1023
799 1023
798 1023
797 1023
796 1023
795 1023
794 1023
793 1023
792 1023
791 1023
790 1023
789 1023
788 1023
787 1023
786 1023
785 1023
784 1023
783 1023
782 1023
781 1023
780 1023
779 1023
778 1023
777 1023
776 1023
775 1023
774 1023
773 1023
772 1023
771 1023
770 1023
769 1023
768 1023
767 1023
766 1023
765 1023
764 1023
763 1023
762 1023
761 1023
760 1023
759 1023
758 1023
757 1023
756 1023
755 1023
754 1023
753 1023
752 1023
751 1023
750 1023
749 1023
748 1023
747 1023
746 1023
745 1023
744 1023
743 1023
742 1023
741 1023
740 1023
739 1023
738 1023
737 1023
736 1023
735 1023
734 1023
733 1023
732 1023
731 1023
730 1023
729 1023
728 1023
727 1023
726 1023
725 1023
724 1023
723 1023
722 1023
721 1023
720 1023
719 1023
718 1023
717 1023
716 1023
715 1023
714 1023
713 1023
712 1023
711 1023
710 1023
709 1023
708 1023
707 1023
706 1023
705 1023
704 1023
703 1023
702 1023
701 1023
700 1023
699 1023
698 1023
697 1023
696 1023
695 1023
694 1023
693 1023
692 1023
691 1023
690 1023
689 1023
688 1023
687 1023
686 1023
685 1023
684 1023
683 1023
682 1023
681 1023
680 1023
679 1023
678 1023
677 1023
676 1023
675 1023
674 1023
673 1023
672 1023
671 1023
670 1023
669 1023
668 1023
667 1023
666 1023
665 1023
664 1023
663 1023
662 1023
661 1023
660 1023
659 1023
658 1023
657 1023
656 1023
655 1023
654 1023
653 1023
652 1023
651 1023
650 1023
649 1023
648 1023
647 1023
646 1023
645 1023
644 1023
643 1023
642 1023
641 1023
640 1023
639 1023
638 1023
637 1023
636 1023
635 1023
634 1023
633 1023
632 1023
631 1023
630 1023
629 1023
628 1023
627 1023
626 1023
625 1023
624 1023
623 1023
622 1023
621 1023
620 1023
619 1023
618 1023
617 1023
616 1023
615 1023
614 1023
613 1023
612 1023
611 1023
610 1023
609 1023
608 1023
607 1023
606 1023
605 1023
604 1023
603 1023
602 1023
601 1023
600 1023
599 1023
598 1023
597 1023
596 1023
595 1023
594 1023
593 1023
592 1023
591 1023
590 1023
589 1023
588 1023
587 1023
586 1023
585 1023
584 1023
583 1023
582 1023
581 1023
580 1023
579 1023
578 1023
577 1023
576 1023
575 1023
574 1023
573 1023
572 1023
571 1023
570 1023
569 1023
568 1023
567 1023
566 1023
565 1023
564 1023
563 1023
562 1023
561 1023
560 1023
559 1023
558 1023
557 1023
556 1023
555 1023
554 1023
553 1023
552 1023
551 1023
550 1023
549 1023
548 1023
547 1023
546 1023
545 1023
544 1023
543 1023
542 1023
541 1023
540 1023
539 1023
538 1023
537 1023
536 1023
535 1023
534 1023
533 1023
532 1023
531 1023
530 1023
529 1023
528 1023
527 1023
526 1023
525 1023
524 1023
523 1023
522 1023
521 1023
520 1023
519 1023
518 1023
517 1023
516 1023
515 1023
514 1023
513 511
512 511
511 511
510 511
509 511
508 511
507 511
506 511
505 511
504 511
503 511
502 511
501 511
500 511
499 511
498 511
497 511
496 511
495 511
494 511
493 511
492 511
491 511
490 511
489 511
488 511
487 511
486 511
485 511
484 511
483 511
482 511
481 511
480 511
479 511
478 511
477 511
476 511
475 511
474 511
473 511
472 511
471 511
470 511
469 511
468 511
467 511
466 511
465 511
464 511
463 511
462 511
461 511
460 511
459 511
458 511
457 511
456 511
455 511
454 511
453 511
452 511
451 511
450 511
449 511
448 511
447 511
446 511
445 511
444 511
443 511
442 511
441 511
440 511
439 511
438 511
437 511
436 511
435 511
434 511
433 511
432 511
431 511
430 511
429 511
428 511
427 511
426 511
425 511
424 511
423 511
422 511
421 511
420 511
419 511
418 511
417 511
416 511
415 511
414 511
413 511
412 511
411 511
410 511
409 511
408 511
407 511
406 511
405 511
404 511
403 511
402 511
401 511
400 511
399 511
398 511
397 511
396 511
395 511
394 511
393 511
392 511
391 511
390 511
389 511
388 511
387 511
386 511
385 511
384 511
383 511
382 511
381 511
380 511
379 511
378 511
377 511
376 511
375 511
374 511
373 511
372 511
371 511
370 511
369 511
368 511
367 511
366 511
365 511
364 511
363 511
362 511
361 511
360 511
359 511
358 511
357 511
356 511
355 511
354 511
353 511
352 511
351 511
350 511
349 511
348 511
347 511
346 511
345 511
344 511
343 511
342 511
341 511
340 511
339 511
338 511
337 511
336 511
335 511
334 511
333 511
332 511
331 511
330 511
329 511
328 511
327 511
326 511
325 511
324 511
323 511
322 511
321 511
320 511
319 511
318 511
317 511
316 511
315 511
314 511
313 511
312 511
311 511
310 511
309 511
308 511
307 511
306 511
305 511
304 511
303 511
302 511
301 511
300 511
299 511
298 511
297 511
296 511
295 511
294 511
293 511
292 511
291 511
290 511
289 511
288 511
287 511
286 511
285 511
284 511
283 511
282 511
281 511
280 511
279 511
278 511
277 511
276 511
275 511
274 511
273 511
272 511
271 511
270 511
269 511
268 511
267 511
266 511
265 511
264 511
263 511
262 511
261 511
260 511
259 511
258 255
257 511
256 255
255 255
254 255
253 255
252 255
251 255
250 255
249 255
248 255
247 255
246 255
245 255
244 255
243 255
242 255
241 255
240 255
239 255
238 255
237 255
236 255
235 255
234 255
233 255
232 255
231 255
230 255
229 255
228 255
227 255
226 255
225 255
224 255
223 255
222 255
221 255
220 255
219 255
218 255
217 255
216 255
215 255
214 255
213 255
212 255
211 255
210 255
209 255
208 255
207 255
206 255
205 255
204 255
203 255
202 255
201 255
200 255
199 255
198 255
197 255
196 255
195 255
194 255
193 255
192 255
191 255
190 255
189 255
188 255
187 255
186 255
185 255
184 255
183 255
182 255
181 255
180 255
179 255
178 255
177 255
176 255
175 255
174 255
173 255
172 255
171 255
170 255
169 255
168 255
167 255
166 255
165 255
164 255
163 255
162 255
161 255
160 255
159 255
158 255
157 255
156 255
155 255
154 255
153 255
152 255
151 255
150 255
149 255
148 255
147 255
146 255
145 255
144 255
143 255
142 255
141 255
140 255
139 255
138 255
137 255
136 255
135 255
134 255
133 255
132 255
131 255
130 255
129 127
128 127
127 127
126 127
125 127
124 127
123 127
122 127
121 127
120 127
119 127
118 127
117 127
116 127
115 127
114 127
113 127
112 127
111 127
110 127
109 127
108 127
107 127
106 127
105 127
104 127
103 127
102 127
101 127
100 127
99 127
98 127
97 127
96 127
95 127
94 127
93 127
92 127
91 127
90 127
89 127
88 127
87 127
86 127
85 127
84 127
83 127
82 127
81 127
80 127
79 127
78 127
77 127
76 127
75 127
74 127
73 127
72 127
71 127
70 127
69 63
68 127
67 63
66 127
65 63
64 63
63 63
62 63
61 63
60 63
59 63
58 63
57 63
56 63
55 63
54 63
53 63
52 63
51 63
50 63
49 63
48 63
47 63
46 63
45 63
44 63
43 63
42 63
41 63
40 63
39 63
38 63
37 63
36 63
35 63
34 63
33 63
32 31
31 31
30 31
29 31
28 31
27 31
26 31
25 31
24 31
23 31
22 31
21 31
20 31
19 15
18 31
17 15
16 15
15 15
14 15
13 15
12 15
11 15
10 15
9 15
8 7
7 7
6 7
5 3
4 3
3 1
2 1
1 1
