900 0.012115
899 0.012874
898 0.012286
897 0.012054
896 0.012293
895 0.011384
894 0.011528
893 0.012476
892 0.012593
891 0.012247
890 0.011658
889 0.012453
888 0.012223
887 0.011408
886 0.016756
885 0.013876
884 0.013026
883 0.011250
882 0.012013
881 0.012357
880 0.011117
879 0.011357
878 0.011443
877 0.011522
876 0.012301
875 0.011425
874 0.012217
873 0.012194
872 0.010852
871 0.011366
870 0.011844
869 0.012182
868 0.013593
867 0.012024
866 0.010350
865 0.011450
864 0.012684
863 0.011345
862 0.011789
861 0.011432
860 0.009981
859 0.011478
858 0.011250
857 0.011843
856 0.010893
855 0.011922
854 0.011501
853 0.012315
852 0.010985
851 0.011047
850 0.010499
849 0.011681
848 0.010783
847 0.010950
846 0.011443
845 0.012622
844 0.013342
843 0.011475
842 0.011610
841 0.011047
840 0.012052
839 0.011305
838 0.010928
837 0.010746
836 0.010914
835 0.011687
834 0.010955
833 0.011134
832 0.011294
831 0.010358
830 0.011079
829 0.011147
828 0.011432
827 0.011078
826 0.010279
825 0.010352
824 0.011123
823 0.009914
822 0.009621
821 0.011525
820 0.011114
819 0.010391
818 0.010328
817 0.010351
816 0.011411
815 0.010454
814 0.010406
813 0.011210
812 0.011375
811 0.010676
810 0.010580
809 0.009925
808 0.010437
807 0.010976
806 0.010594
805 0.010278
804 0.010663
803 0.013015
802 0.012558
801 0.010412
800 0.010500
799 0.010543
798 0.011009
797 0.011234
796 0.011220
795 0.011037
794 0.010376
793 0.011265
792 0.009607
791 0.009674
790 0.009819
789 0.010337
788 0.009781
787 0.009737
786 0.010617
785 0.009984
784 0.009455
783 0.009941
782 0.010744
781 0.010397
780 0.009378
779 0.010264
778 0.009809
777 0.010766
776 0.009287
775 0.010829
774 0.010773
773 0.010071
772 0.008966
771 0.009747
770 0.010201
769 0.009763
768 0.010101
767 0.009476
766 0.010430
765 0.009881
764 0.010116
763 0.009177
762 0.009412
761 0.009229
760 0.010042
759 0.009060
758 0.009293
757 0.008879
756 0.009545
755 0.010110
754 0.010197
753 0.009260
752 0.008598
751 0.009662
750 0.009824
749 0.009299
748 0.008961
747 0.008955
746 0.009486
745 0.009525
744 0.008413
743 0.009288
742 0.008499
741 0.008225
740 0.009576
739 0.009932
738 0.009372
737 0.009308
736 0.008769
735 0.009265
734 0.009212
733 0.008595
732 0.008446
731 0.010183
730 0.009568
729 0.007958
728 0.008619
727 0.009180
726 0.008418
725 0.009434
724 0.008672
723 0.008667
722 0.009378
721 0.008626
720 0.008238
719 0.007929
718 0.009160
717 0.009222
716 0.008400
715 0.009169
714 0.008740
713 0.008311
712 0.009139
711 0.008155
710 0.008448
709 0.008745
708 0.009091
707 0.008356
706 0.008236
705 0.008991
704 0.008634
703 0.008658
702 0.008634
701 0.008481
700 0.007969
699 0.008591
698 0.008054
697 0.009024
696 0.008677
695 0.008475
694 0.008865
693 0.008377
692 0.008475
691 0.007899
690 0.008601
689 0.008541
688 0.008682
687 0.008421
686 0.008690
685 0.008158
684 0.008502
683 0.008188
682 0.008489
681 0.007535
680 0.008369
679 0.008032
678 0.008986
677 0.008528
676 0.008743
675 0.008172
674 0.008173
673 0.007475
672 0.007787
671 0.008606
670 0.008387
669 0.008144
668 0.008879
667 0.007985
666 0.007910
665 0.008448
664 0.007581
663 0.008902
662 0.007817
661 0.007676
660 0.007094
659 0.008388
658 0.007694
657 0.008396
656 0.007872
655 0.008462
654 0.007818
653 0.007501
652 0.007947
651 0.007812
650 0.007868
649 0.007675
648 0.008177
647 0.008691
646 0.007678
645 0.007490
644 0.008114
643 0.007895
642 0.007613
641 0.008403
640 0.008094
639 0.008281
638 0.007123
637 0.007347
636 0.007097
635 0.007428
634 0.007575
633 0.006836
632 0.007530
631 0.007341
630 0.007515
629 0.007752
628 0.007451
627 0.007577
626 0.007237
625 0.007065
624 0.007325
623 0.007275
622 0.007058
621 0.007306
620 0.008229
619 0.007946
618 0.007752
617 0.006561
616 0.007375
615 0.006539
614 0.007079
613 0.007334
612 0.007452
611 0.007375
610 0.007524
609 0.007188
608 0.007058
607 0.007115
606 0.007216
605 0.007323
604 0.007219
603 0.007307
602 0.006693
601 0.006669
600 0.007169
599 0.006452
598 0.007170
597 0.007019
596 0.007199
595 0.007191
594 0.006611
593 0.007435
592 0.006518
591 0.006482
590 0.007057
589 0.006222
588 0.007201
587 0.006839
586 0.007329
585 0.006840
584 0.007079
583 0.007279
582 0.006229
581 0.006930
580 0.006404
579 0.006399
578 0.006613
577 0.006383
576 0.006724
575 0.006691
574 0.006039
573 0.006924
572 0.006215
571 0.006621
570 0.006424
569 0.006326
568 0.006230
567 0.006680
566 0.007136
565 0.006480
564 0.006751
563 0.006209
562 0.006046
561 0.006638
560 0.006382
559 0.005768
558 0.006502
557 0.005711
556 0.006588
555 0.006101
554 0.006581
553 0.006820
552 0.006187
551 0.005967
550 0.006062
549 0.006090
548 0.006229
547 0.006404
546 0.006527
545 0.006647
544 0.005990
543 0.006300
542 0.006307
541 0.006101
540 0.005911
539 0.005884
538 0.005786
537 0.006411
536 0.006002
535 0.006249
534 0.005801
533 0.006096
532 0.006527
531 0.006202
530 0.006781
529 0.005864
528 0.005738
527 0.005796
526 0.006413
525 0.005929
524 0.005919
523 0.006035
522 0.005777
521 0.005664
520 0.005901
519 0.005843
518 0.006074
517 0.006213
516 0.006211
515 0.006492
514 0.005992
513 0.005895
512 0.005008
511 0.004687
510 0.004117
509 0.005140
508 0.004236
507 0.004716
506 0.004936
505 0.004752
504 0.005226
503 0.004697
502 0.004110
501 0.004854
500 0.004444
499 0.004497
498 0.004223
497 0.004358
496 0.004150
495 0.004596
494 0.004652
493 0.003957
492 0.004950
491 0.004536
490 0.004514
489 0.004929
488 0.004950
487 0.004391
486 0.004957
485 0.004114
484 0.004530
483 0.004811
482 0.004631
481 0.004704
480 0.004467
479 0.004203
478 0.004557
477 0.004479
476 0.004054
475 0.004476
474 0.004529
473 0.003743
472 0.004344
471 0.004668
470 0.004424
469 0.004486
468 0.004146
467 0.003846
466 0.003948
465 0.004198
464 0.004100
463 0.003921
462 0.004225
461 0.003859
460 0.004358
459 0.004133
458 0.003587
457 0.003971
456 0.003998
455 0.004249
454 0.004080
453 0.004049
452 0.004192
451 0.004357
450 0.004630
449 0.004148
448 0.003887
447 0.003653
446 0.003729
445 0.004178
444 0.003556
443 0.004148
442 0.003850
441 0.003671
440 0.003812
439 0.004061
438 0.004298
437 0.003895
436 0.004073
435 0.004063
434 0.003938
433 0.003672
432 0.004333
431 0.003773
430 0.003808
429 0.004402
428 0.004180
427 0.004058
426 0.003691
425 0.003879
424 0.004008
423 0.003663
422 0.003551
421 0.003776
420 0.003949
419 0.003505
418 0.003457
417 0.003812
416 0.003670
415 0.003354
414 0.003288
413 0.003521
412 0.003829
411 0.003453
410 0.003931
409 0.003406
408 0.003727
407 0.003499
406 0.003189
405 0.003661
404 0.003647
403 0.003254
402 0.003650
401 0.003282
400 0.003650
399 0.003562
398 0.003388
397 0.003488
396 0.003438
395 0.003436
394 0.003710
393 0.003225
392 0.003435
391 0.003325
390 0.003517
389 0.003227
388 0.003197
387 0.003154
386 0.003149
385 0.003480
384 0.003203
383 0.003633
382 0.003336
381 0.003371
380 0.003568
379 0.003070
378 0.003195
377 0.003149
376 0.003173
375 0.003277
374 0.002799
373 0.003299
372 0.003216
371 0.003172
370 0.002995
369 0.003333
368 0.003432
367 0.003242
366 0.003151
365 0.002995
364 0.002992
363 0.003072
362 0.003103
361 0.003088
360 0.003291
359 0.003409
358 0.002793
357 0.002845
356 0.003448
355 0.003042
354 0.002965
353 0.003043
352 0.003175
351 0.002821
350 0.002873
349 0.003014
348 0.002822
347 0.002883
346 0.002943
345 0.002938
344 0.002579
343 0.002963
342 0.003097
341 0.002806
340 0.002754
339 0.002978
338 0.002894
337 0.002662
336 0.002973
335 0.002649
334 0.002906
333 0.002866
332 0.002779
331 0.002856
330 0.002799
329 0.002706
328 0.002691
327 0.002535
326 0.002784
325 0.002769
324 0.002813
323 0.002803
322 0.002651
321 0.002868
320 0.002824
319 0.002673
318 0.002479
317 0.002531
316 0.002704
315 0.002502
314 0.002722
313 0.002432
312 0.002577
311 0.002419
310 0.002630
309 0.002418
308 0.002574
307 0.002550
306 0.002425
305 0.002651
304 0.002692
303 0.002600
302 0.002452
301 0.002581
300 0.002701
299 0.002457
298 0.002659
297 0.002345
296 0.002555
295 0.002501
294 0.002417
293 0.002318
292 0.002658
291 0.002692
290 0.002760
289 0.002418
288 0.002297
287 0.002542
286 0.002272
285 0.002540
284 0.002281
283 0.002268
282 0.002241
281 0.002102
280 0.002229
279 0.002253
278 0.002194
277 0.002147
276 0.002238
275 0.002129
274 0.002242
273 0.002285
272 0.002252
271 0.002256
270 0.002118
269 0.001931
268 0.002118
267 0.002226
266 0.002070
265 0.002322
264 0.002174
263 0.002032
262 0.002053
261 0.002304
260 0.002366
259 0.002204
258 0.001625
257 0.002257
256 0.001824
255 0.001594
254 0.001467
253 0.001505
252 0.001680
251 0.001708
250 0.001498
249 0.001567
248 0.001722
247 0.001458
246 0.001647
245 0.001503
244 0.001636
243 0.001677
242 0.001608
241 0.001591
240 0.001588
239 0.001378
238 0.001502
237 0.001487
236 0.001550
235 0.001525
234 0.001624
233 0.001619
232 0.001680
231 0.001539
230 0.001347
229 0.001601
228 0.001472
227 0.001291
226 0.001418
225 0.001367
224 0.001480
223 0.001455
222 0.001414
221 0.001442
220 0.001222
219 0.001366
218 0.001429
217 0.001407
216 0.001516
215 0.001365
214 0.001444
213 0.001308
212 0.001487
211 0.001404
210 0.001316
209 0.001450
208 0.001392
207 0.001433
206 0.001459
205 0.001380
204 0.001415
203 0.001197
202 0.001149
201 0.001284
200 0.001297
199 0.001179
198 0.001364
197 0.001290
196 0.001198
195 0.001198
194 0.001138
193 0.001275
192 0.001113
191 0.001218
190 0.001195
189 0.001261
188 0.001224
187 0.001095
186 0.001142
185 0.001130
184 0.001151
183 0.001131
182 0.001127
181 0.001002
180 0.001197
179 0.001157
178 0.001263
177 0.001272
176 0.001121
175 0.001018
174 0.001074
173 0.000980
172 0.001018
171 0.001049
170 0.001017
169 0.001103
168 0.000941
167 0.001025
166 0.000961
165 0.000954
164 0.001006
163 0.000943
162 0.001018
161 0.000891
160 0.000982
159 0.000921
158 0.000907
157 0.001106
156 0.000973
155 0.001076
154 0.001017
153 0.000908
152 0.000995
151 0.000853
150 0.000819
149 0.001041
148 0.000934
147 0.000881
146 0.000826
145 0.000877
144 0.000773
143 0.000883
142 0.000830
141 0.000920
140 0.000958
139 0.000914
138 0.000816
137 0.000860
136 0.000859
135 0.000881
134 0.000796
133 0.000832
132 0.000891
131 0.000822
130 0.000883
129 0.000606
128 0.000657
127 0.000610
126 0.000712
125 0.000643
124 0.000606
123 0.000540
122 0.000562
121 0.000664
120 0.000615
119 0.000558
118 0.000660
117 0.000563
116 0.000631
115 0.000600
114 0.000548
113 0.000523
112 0.000565
111 0.000528
110 0.000615
109 0.000533
108 0.000531
107 0.000541
106 0.000491
105 0.000532
104 0.000511
103 0.000546
102 0.000532
101 0.000689
100 0.000461
99 0.000474
98 0.000541
97 0.000459
96 0.000432
95 0.000526
94 0.000484
93 0.000535
92 0.000475
91 0.000427
90 0.000412
89 0.000414
88 0.000394
87 0.000423
86 0.000436
85 0.000427
84 0.000396
83 0.000442
82 0.000439
81 0.000315
80 0.000381
79 0.000384
78 0.000344
77 0.000345
76 0.000357
75 0.000368
74 0.000422
73 0.000421
72 0.000382
71 0.000382
70 0.000457
69 0.000323
68 0.000368
67 0.000286
66 0.000536
65 0.000374
64 0.000305
63 0.000246
62 0.000270
61 0.000359
60 0.000265
59 0.000275
58 0.000318
57 0.000245
56 0.000285
55 0.000311
54 0.000258
53 0.000255
52 0.000253
51 0.000315
50 0.000267
49 0.000229
48 0.000294
47 0.000249
46 0.000234
45 0.000254
44 0.000200
43 0.000232
42 0.000190
41 0.000193
40 0.000259
39 0.000190
38 0.000166
37 0.000202
36 0.000221
35 0.000187
34 0.000176
33 0.000204
32 0.000134
31 0.000114
30 0.000108
29 0.000105
28 0.000105
27 0.000142
26 0.000123
25 0.000098
24 0.000083
23 0.000098
22 0.000115
21 0.000066
20 0.000063
19 0.000027
18 0.000082
17 0.000033
16 0.000056
15 0.000029
14 0.000028
13 0.000031
12 0.000032
11 0.000028
10 0.000025
9 0.000034
8 0.000012
7 0.000013
6 0.000010
5 0.000005
4 0.000005
3 0.000002
2 0.000003
1 0.000001
