900 623
899 612
898 590
897 621
896 635
895 588
894 615
893 598
892 610
891 599
890 595
889 574
888 623
887 601
886 601
885 619
884 610
883 578
882 617
881 603
880 587
879 582
878 583
877 591
876 598
875 550
874 578
873 597
872 604
871 580
870 602
869 596
868 615
867 611
866 576
865 569
864 611
863 572
862 554
861 597
860 569
859 588
858 573
857 580
856 587
855 569
854 588
853 581
852 562
851 582
850 589
849 553
848 568
847 567
846 551
845 588
844 544
843 582
842 578
841 587
840 559
839 578
838 569
837 580
836 573
835 606
834 563
833 592
832 575
831 577
830 562
829 538
828 563
827 536
826 546
825 546
824 554
823 526
822 537
821 574
820 542
819 529
818 521
817 542
816 548
815 554
814 562
813 563
812 556
811 546
810 521
809 537
808 560
807 561
806 534
805 547
804 545
803 539
802 541
801 556
800 554
799 568
798 494
797 532
796 537
795 535
794 544
793 528
792 529
791 542
790 538
789 526
788 532
787 516
786 524
785 512
784 520
783 529
782 526
781 549
780 494
779 517
778 511
777 529
776 513
775 518
774 525
773 502
772 525
771 513
770 531
769 524
768 544
767 521
766 531
765 513
764 531
763 517
762 523
761 504
760 512
759 521
758 495
757 498
756 530
755 522
754 534
753 500
752 497
751 515
750 509
749 514
748 514
747 476
746 504
745 517
744 482
743 524
742 487
741 474
740 510
739 526
738 490
737 486
736 491
735 500
734 454
733 523
732 513
731 497
730 501
729 499
728 505
727 472
726 470
725 475
724 491
723 502
722 505
721 492
720 459
719 479
718 492
717 474
716 482
715 511
714 482
713 444
712 476
711 450
710 470
709 464
708 485
707 496
706 486
705 500
704 484
703 472
702 483
701 451
700 465
699 456
698 478
697 481
696 462
695 496
694 471
693 475
692 462
691 469
690 471
689 459
688 444
687 472
686 466
685 479
684 473
683 449
682 465
681 444
680 459
679 475
678 459
677 453
676 451
675 461
674 440
673 429
672 445
671 486
670 463
669 449
668 457
667 468
666 466
665 486
664 435
663 467
662 437
661 446
660 444
659 423
658 410
657 431
656 435
655 438
654 443
653 435
652 418
651 447
650 443
649 436
648 421
647 449
646 419
645 447
644 451
643 441
642 448
641 441
640 443
639 426
638 420
637 437
636 432
635 419
634 439
633 399
632 445
631 425
630 401
629 430
628 422
627 399
626 425
625 431
624 404
623 426
622 429
621 415
620 445
619 434
618 423
617 397
616 400
615 414
614 417
613 412
612 404
611 438
610 432
609 389
608 424
607 391
606 387
605 428
604 425
603 385
602 408
601 416
600 415
599 403
598 416
597 399
596 390
595 426
594 425
593 405
592 382
591 417
590 425
589 398
588 417
587 401
586 417
585 378
584 400
583 386
582 382
581 393
580 373
579 384
578 388
577 383
576 383
575 404
574 395
573 397
572 400
571 382
570 407
569 401
568 382
567 375
566 392
565 412
564 382
563 377
562 361
561 391
560 373
559 374
558 382
557 361
556 392
555 376
554 367
553 369
552 397
551 360
550 368
549 395
548 377
547 355
546 384
545 369
544 363
543 375
542 363
541 358
540 351
539 364
538 368
537 365
536 356
535 356
534 343
533 373
532 357
531 360
530 368
529 355
528 349
527 345
526 353
525 364
524 352
523 325
522 349
521 342
520 355
519 363
518 349
517 346
516 356
515 369
514 344
513 348
512 343
511 359
510 353
509 352
508 351
507 338
506 336
505 324
504 336
503 343
502 324
501 342
500 333
499 343
498 315
497 322
496 327
495 354
494 330
493 332
492 347
491 317
490 318
489 343
488 334
487 312
486 334
485 316
484 343
483 336
482 323
481 322
480 312
479 320
478 330
477 292
476 321
475 303
474 330
473 320
472 318
471 318
470 313
469 319
468 327
467 322
466 302
465 323
464 304
463 295
462 305
461 303
460 323
459 298
458 271
457 328
456 296
455 311
454 294
453 283
452 277
451 304
450 315
449 314
448 300
447 306
446 304
445 326
444 296
443 307
442 307
441 292
440 304
439 328
438 296
437 299
436 296
435 282
434 261
433 278
432 298
431 288
430 303
429 302
428 316
427 298
426 296
425 287
424 297
423 282
422 278
421 294
420 269
419 256
418 265
417 267
416 286
415 262
414 276
413 255
412 284
411 293
410 281
409 250
408 289
407 274
406 258
405 261
404 271
403 272
402 281
401 264
400 255
399 278
398 268
397 270
396 263
395 273
394 290
393 271
392 267
391 261
390 265
389 262
388 247
387 244
386 251
385 267
384 243
383 269
382 250
381 262
380 263
379 239
378 272
377 257
376 255
375 257
374 257
373 248
372 244
371 257
370 238
369 240
368 266
367 257
366 233
365 243
364 243
363 257
362 232
361 248
360 264
359 245
358 237
357 216
356 237
355 236
354 226
353 236
352 231
351 236
350 222
349 231
348 228
347 245
346 228
345 233
344 239
343 221
342 228
341 228
340 223
339 231
338 229
337 219
336 236
335 228
334 216
333 225
332 217
331 241
330 226
329 207
328 204
327 211
326 236
325 235
324 209
323 206
322 218
321 222
320 219
319 211
318 200
317 208
316 222
315 211
314 217
313 215
312 214
311 207
310 214
309 188
308 210
307 201
306 218
305 221
304 197
303 218
302 200
301 204
300 212
299 208
298 205
297 188
296 196
295 189
294 193
293 186
292 202
291 210
290 206
289 187
288 187
287 207
286 193
285 188
284 187
283 180
282 188
281 190
280 193
279 184
278 186
277 181
276 179
275 181
274 184
273 186
272 192
271 190
270 184
269 160
268 185
267 191
266 171
265 186
264 169
263 152
262 175
261 174
260 175
259 166
258 166
257 178
256 192
255 174
254 151
253 171
252 161
251 180
250 156
249 166
248 161
247 172
246 175
245 159
244 158
243 174
242 163
241 171
240 168
239 143
238 157
237 170
236 170
235 159
234 166
233 160
232 171
231 173
230 138
229 159
228 156
227 134
226 156
225 134
224 144
223 144
222 140
221 155
220 133
219 148
218 146
217 150
216 153
215 148
214 151
213 150
212 143
211 148
210 131
209 141
208 133
207 149
206 157
205 139
204 138
203 128
202 121
201 152
200 134
199 126
198 144
197 131
196 125
195 128
194 121
193 131
192 123
191 126
190 137
189 129
188 127
187 121
186 122
185 115
184 119
183 119
182 114
181 96
180 127
179 117
178 130
177 121
176 117
175 102
174 118
173 117
172 102
171 108
170 101
169 117
168 112
167 109
166 117
165 102
164 108
163 105
162 105
161 104
160 100
159 95
158 106
157 108
156 102
155 113
154 109
153 93
152 104
151 100
150 94
149 99
148 104
147 93
146 82
145 109
144 85
143 90
142 98
141 97
140 92
139 97
138 90
137 87
136 89
135 94
134 91
133 91
132 92
131 98
130 95
129 90
128 88
127 88
126 95
125 87
124 77
123 73
122 83
121 82
120 87
119 89
118 78
117 68
116 81
115 74
114 72
113 80
112 71
111 70
110 86
109 77
108 66
107 69
106 66
105 72
104 82
103 64
102 69
101 65
100 62
99 60
98 63
97 62
96 61
95 64
94 60
93 68
92 72
91 58
90 69
89 61
88 57
87 57
86 57
85 54
84 50
83 65
82 61
81 45
80 61
79 48
78 45
77 43
76 54
75 44
74 49
73 48
72 47
71 47
70 48
69 43
68 36
67 41
66 50
65 48
64 43
63 35
62 33
61 44
60 37
59 42
58 46
57 36
56 36
55 44
54 30
53 30
52 30
51 35
50 34
49 30
48 37
47 31
46 30
45 31
44 31
43 28
42 21
41 26
40 31
39 25
38 24
37 24
36 26
35 26
34 21
33 25
32 24
31 20
30 19
29 20
28 18
27 20
26 17
25 18
24 14
23 17
22 14
21 12
20 12
19 7
18 14
17 7
16 12
15 6
14 7
13 6
12 8
11 7
10 7
9 7
8 3
7 4
6 3
5 2
4 1
3 1
2 1
1 0
